0.0214 0.00
0.0237 71.07
0.0260 142.14
0.0283 213.21
0.0306 284.28
0.0328 355.34
0.0351 426.41
0.0356 440.66
0.0379 501.46
0.0409 566.15
0.0446 633.82
0.0482 699.08
0.0517 758.74
0.0540 797.21
0.0563 833.29
0.0586 869.36
0.0609 905.44
0.0648 966.95
0.0679 1015.03
0.0711 1062.08
0.0739 1102.50
0.0764 1135.90
0.0788 1167.39
0.0825 1211.48
0.0832 1220.02
0.0832 1189.70
0.0835 1194.20
0.0835 1176.52
0.0858 1217.73
0.0861 1221.41
0.0861 1185.13
0.0885 1222.59
0.0920 1253.76
0.0937 1267.86
0.0937 1227.38
0.0960 1260.29
0.1000 1289.91
0.1025 1306.75
0.1048 1321.37
0.1049 1322.11
0.1049 1278.15
0.1072 1313.18
0.1095 1328.90
0.1132 1348.66
0.1162 1362.02
0.1194 1375.41
0.1227 1387.40
0.1250 1394.84
0.1289 1407.21
0.1312 1414.32
0.1337 1422.04
0.1360 1427.42
0.1393 1434.49
0.1433 1441.34
0.1456 1445.18
0.1486 1449.21
0.1525 1454.27
0.1564 1458.79
0.1587 1461.35
0.1610 1463.92
0.1633 1466.48
0.1655 1469.04
0.1678 1471.61
0.1701 1474.17
0.1722 1476.50
0.1722 1428.48
0.1747 1461.39
0.1760 1469.45
0.1775 1473.63
0.1811 1477.53
0.1853 1481.48
0.1876 1483.47
0.1899 1485.47
0.1929 1488.07
0.1952 1489.99
0.1975 1491.92
0.1998 1493.84
0.2021 1495.77
0.2043 1497.69
0.2066 1499.62
0.2089 1501.54
0.2115 1503.55
0.2141 1505.50
0.2184 1508.05
0.2212 1509.47
0.2235 1510.63
0.2258 1511.78
0.2281 1512.94
0.2303 1514.09
0.2326 1515.25
0.2349 1516.40
0.2362 1517.08
0.2362 1279.39
0.2407 1294.07
0.2440 1304.72
0.2463 1312.18
0.2488 1320.48
0.2511 1327.51
0.2537 1335.50
0.2575 1344.17
0.2616 1349.79
0.2644 1353.18
0.2667 1353.92
0.2667 1220.86
0.2701 1255.01
0.2723 1274.28
0.2751 1287.76
0.2786 1301.90
0.2792 1303.73
0.2829 1307.98
0.2853 1310.26
0.2865 1311.21
0.2865 1255.95
0.2901 1270.61
0.2906 1272.42
0.2930 1276.39
0.2957 1280.35
0.2982 1283.74
0.3009 1287.04
0.3009 1231.82
0.3019 1238.39
0.3050 1249.52
0.3069 1255.38
0.3101 1257.49
0.3135 1259.66
0.3163 1261.41
0.3185 1262.66
0.3190 1262.89
0.3212 1263.36
0.3235 1263.84
0.3258 1264.32
0.3296 1265.10
0.3319 1265.57
0.3341 1266.03
0.3364 1266.50
0.3387 1266.97
0.3410 1267.44
0.3442 1268.08
0.3465 1268.54
0.3488 1269.00
0.3510 1269.46
0.3533 1269.92
0.3556 1270.38
0.3579 1270.84
0.3622 1271.69
0.3645 1272.14
0.3686 1272.94
0.3708 1273.38
0.3731 1273.83
0.3754 1274.27
0.3757 1274.33
0.3757 1258.67
0.3766 1262.34
0.3774 1263.79
0.3799 1265.71
0.3805 1266.05
0.3836 1266.66
0.3864 1267.20
0.3905 1267.96
0.3927 1268.39
0.3950 1268.81
0.3973 1269.23
0.3996 1269.66
0.4019 1270.08
0.4028 1270.25
0.4028 1254.99
0.4037 1258.43
0.4046 1260.34
0.4054 1261.23
0.4078 1261.70
0.4110 1262.29
0.4132 1262.70
0.4155 1263.11
0.4178 1263.53
0.4213 1264.15
0.4236 1264.56
0.4259 1264.96
0.4282 1265.36
0.4304 1265.76
0.4327 1266.15
0.4350 1266.55
0.4373 1266.94
0.4396 1267.34
0.4418 1267.73
0.4441 1268.13
0.4477 1268.75
0.4517 1269.44
0.4540 1269.84
0.4563 1270.23
0.4607 1271.00
0.4630 1271.39
0.4653 1271.78
0.4676 1272.17
0.4676 1203.88
0.4703 1213.39
0.4703 900.00
0.4707 901.00
0.4707 902.00
0.4732 903.00
0.4749 904.00
0.4774 905.00
0.4815 906.00
0.4836 907.00
0.4836 908.00
0.4866 909.00
0.4898 910.00
0.4913 911.00
0.4920 912.00
0.4950 913.00
0.4993 914.00
0.5030 915.00
0.5071 916.00
0.5107 917.00
0.5130 918.00
0.5153 919.00
0.5171 920.00
0.5187 921.00
0.5210 922.00
0.5233 923.00
0.5256 924.00
0.5279 925.00
0.5301 926.00
0.5324 927.00
0.5347 928.00
0.5370 929.00
0.5393 930.00
0.5415 931.00
0.5438 932.00
0.5461 933.00
0.5484 934.00
0.5507 935.00
0.5529 936.00
0.5552 937.00
0.5575 938.00
0.5598 939.00
0.5621 940.00
0.5643 941.00
0.5684 942.00
0.5707 943.00
0.5730 944.00
0.5732 945.00
0.5732 946.00