0.00000 0.00
0.00226 71.07
0.00456 142.14
0.00686 213.21
0.00916 284.28
0.01136 355.34
0.01366 426.41
0.01416 440.66
0.01646 501.46
0.01946 566.15
0.02316 633.82
0.02676 699.08
0.03026 758.74
0.03256 797.21
0.03486 833.29
0.03716 869.36
0.03946 905.44
0.04336 966.95
0.04646 1015.03
0.04966 1062.08
0.05246 1102.50
0.05496 1135.90
0.05736 1167.39
0.06106 1211.48
0.06176 1220.02
0.06176 1189.70
0.06206 1194.20
0.06206 1176.52
0.06436 1217.73
0.06466 1221.41
0.06466 1185.13
0.06706 1222.59
0.07056 1253.76
0.07226 1267.86
0.07226 1227.38
0.07456 1260.29
0.07856 1289.91
0.08106 1306.75
0.08336 1321.37
0.08346 1322.11
0.08346 1278.15
0.08576 1313.18
0.08806 1328.90
0.09176 1348.66
0.09476 1362.02
0.09796 1375.41
0.10126 1387.40
0.10356 1394.84
0.10746 1407.21
0.10976 1414.32
0.11226 1422.04
0.11456 1427.42
0.11786 1434.49
0.12186 1441.34
0.12416 1445.18
0.12716 1449.21
0.13106 1454.27
0.13496 1458.79
0.13726 1461.35
0.13956 1463.92
0.14186 1466.48
0.14406 1469.04
0.14636 1471.61
0.14866 1474.17
0.15076 1476.50
0.15076 1428.48
0.15326 1461.39
0.15456 1469.45
0.15606 1473.63
0.15966 1477.53
0.16386 1481.48
0.16616 1483.47
0.16846 1485.47
0.17146 1488.07
0.17376 1489.99
0.17606 1491.92
0.17836 1493.84
0.18066 1495.77
0.18286 1497.69
0.18516 1499.62
0.18746 1501.54
0.19006 1503.55
0.19266 1505.50
0.19696 1508.05
0.19976 1509.47
0.20206 1510.63
0.20436 1511.78
0.20666 1512.94
0.20886 1514.09
0.21116 1515.25
0.21346 1516.40
0.21476 1517.08
0.21476 1279.39
0.21926 1294.07
0.22256 1304.72
0.22486 1312.18
0.22736 1320.48
0.22966 1327.51
0.23226 1335.50
0.23606 1344.17
0.24016 1349.79
0.24296 1353.18
0.24526 1353.92
0.24526 1220.86
0.24866 1255.01
0.25086 1274.28
0.25366 1287.76
0.25716 1301.90
0.25776 1303.73
0.26146 1307.98
0.26386 1310.26
0.26506 1311.21
0.26506 1255.95
0.26866 1270.61
0.26916 1272.42
0.27156 1276.39
0.27426 1280.35
0.27676 1283.74
0.27946 1287.04
0.27946 1231.82
0.28046 1238.39
0.28356 1249.52
0.28546 1255.38
0.28866 1257.49
0.29206 1259.66
0.29486 1261.41
0.29706 1262.66
0.29756 1262.89
0.29976 1263.36
0.30206 1263.84
0.30436 1264.32
0.30816 1265.10
0.31046 1265.57
0.31266 1266.03
0.31496 1266.50
0.31726 1266.97
0.31956 1267.44
0.32276 1268.08
0.32506 1268.54
0.32736 1269.00
0.32956 1269.46
0.33186 1269.92
0.33416 1270.38
0.33646 1270.84
0.34076 1271.69
0.34306 1272.14
0.34716 1272.94
0.34936 1273.38
0.35166 1273.83
0.35396 1274.27
0.35426 1274.33
0.35426 1258.67
0.35516 1262.34
0.35596 1263.79
0.35846 1265.71
0.35906 1266.05
0.36216 1266.66
0.36496 1267.20
0.36906 1267.96
0.37126 1268.39
0.37356 1268.81
0.37586 1269.23
0.37816 1269.66
0.38046 1270.08
0.38136 1270.25
0.38136 1254.99
0.38226 1258.43
0.38316 1260.34
0.38396 1261.23
0.38636 1261.70
0.38956 1262.29
0.39176 1262.70
0.39406 1263.11
0.39636 1263.53
0.39986 1264.15
0.40216 1264.56
0.40446 1264.96
0.40676 1265.36
0.40896 1265.76
0.41126 1266.15
0.41356 1266.55
0.41586 1266.94
0.41816 1267.34
0.42036 1267.73
0.42266 1268.13
0.42626 1268.75
0.43026 1269.44
0.43256 1269.84
0.43486 1270.23
0.43926 1271.00
0.44156 1271.39
0.44386 1271.78
0.44616 1272.17
0.44616 1203.88
0.44886 1213.39
0.44886 900.00
0.44926 901.00
0.44926 902.00
0.45176 903.00
0.45346 904.00
0.45596 905.00
0.46006 906.00
0.46216 907.00
0.46216 908.00
0.46516 909.00
0.46836 910.00
0.46986 911.00
0.47056 912.00
0.47356 913.00
0.47786 914.00
0.48156 915.00
0.48566 916.00
0.48926 917.00
0.49156 918.00
0.49386 919.00
0.49566 920.00
0.49726 921.00
0.49956 922.00
0.50186 923.00
0.50416 924.00
0.50646 925.00
0.50866 926.00
0.51096 927.00
0.51326 928.00
0.51556 929.00
0.51786 930.00
0.52006 931.00
0.52236 932.00
0.52466 933.00
0.52696 934.00
0.52926 935.00
0.53146 936.00
0.53376 937.00
0.53606 938.00
0.53836 939.00
0.54066 940.00
0.54286 941.00
0.54696 942.00
0.54926 943.00
0.55156 944.00
0.55176 945.00
0.55176 946.00