0.005 0
0.0055 45.2943
0.006 90.5885
0.0064536 135.8828
0.0069536 181.1771
0.0074536 226.4714
0.0079536 271.7656
0.0084536 317.0599
0.0089536 362.3542
0.0094536 407.6484
0.0099536 452.9427
0.0104536 498.237
0.0109536 543.5313
0.0114536 588.8255
0.0119536 634.1198
0.0124536 673.3906
0.0129536 719.0707
0.0134536 758.1015
0.0140536 801.1192
0.0145536 837.6439
0.0150536 861.8956
0.0155536 875.9292
0.0160536 889.9628
0.0169536 913.2017
0.0175536 927.0107
0.0184536 946.4382
0.0190536 959.5502
0.0195536 969.5628
0.0204536 987.5604
0.0209536 997.2344
0.0214536 1006.9084
0.0219536 1016.5824
0.0224536 1026.2563
0.0229536 1035.9304
0.0234536 1045.6044
0.0239536 1055.2783
0.0244536 1064.9523
0.0249536 1074.6263
0.0254536 1084.3003
0.0259536 1093.9742
0.0264536 1103.6482
0.0273536 1119.0663
0.0278536 1128.4733
0.0283536 1137.8801
0.0288536 1147.2871
0.0293536 1156.694
0.0298536 1166.101
0.0304536 1178.208
0.0312536 1189.6113
0.0317536 1197.1372
0.0326536 1210.5468
0.0331536 1217.9163
0.0336536 1225.2858
0.0341536 1232.6552
0.0347536 1241.8804
0.0352536 1249.1078
0.0359536 1257.698
0.0364536 1264.1482
0.0369536 1270.5983
0.0374536 1277.0485
0.0383536 1289.1605
0.0388536 1295.5349
0.0395536 1304.2621
0.0400536 1309.8032
0.0405536 1315.3444
0.0410536 1320.8856
0.0415536 1326.4268
0.0420536 1331.9679
0.0425536 1337.509
0.0430536 1343.0502
0.0435536 1348.5913
0.0440536 1354.1324
0.0445536 1359.6736
0.0447536 1361.5142
0.0447536 1328.2762
0.0448536 1329.7268
0.0450536 1334.9747
0.0452536 1337.5259
0.0458536 1343.0985
0.0463536 1348.1084
0.0464536 1349.3895
0.0464536 1333.6205
0.0465536 1335.3082
0.0466536 1336.5983
0.0467536 1338.0405
0.0467536 1325.1227
0.0467536 1325.9688
0.0467536 1327.4854
0.0468536 1327.9951
0.0469536 1329.7053
0.0471536 1331.2084
0.0476536 1335.8455
0.0481536 1340.4824
0.0484536 1343.8558
0.0484536 1316.6969
0.0485536 1318.6282
0.0486536 1326.1779
0.0488536 1327.4254
0.0493536 1331.75
0.0498536 1336.0746
0.0504536 1341.2032
0.0504536 1329.0367
0.0504536 1329.6703
0.0504536 1330.9742
0.0504536 1331.2629
0.0505536 1332.178
0.0510536 1336.2986
0.0515536 1340.1704
0.0515536 1325.0399
0.0515536 1325.8478
0.0516536 1331.2129
0.0520536 1334.1843
0.0520536 1314.588
0.0521536 1316.7037
0.0522536 1324.1399
0.0523536 1324.9924
0.0523536 1325.3365
0.0528536 1329.1949
0.0534536 1333.691
0.0534536 1317.8354
0.0534536 1319.6938
0.0535536 1324.3116
0.0536536 1324.9158
0.0536536 1325.3999
0.0540536 1328.0488
0.0545536 1331.7386
0.0550536 1335.4285
0.0554536 1338.3896
0.0554536 1321.0896
0.0554536 1322.8328
0.0556536 1329.4189
0.0561536 1332.9366
0.0566536 1336.4545
0.0568536 1338.3149
0.0568536 1318.8445
0.0569536 1319.7491
0.0571536 1329.1771
0.0571536 1329.5806
0.0574536 1331.588
0.0579536 1334.9729
0.0584536 1338.3577
0.0589536 1341.7426
0.0594536 1345.1273
0.0603536 1351.1383
0.0608536 1354.4749
0.0613536 1357.8113
0.0620536 1362.1899
0.0625536 1365.2286
0.0630536 1368.2673
0.0635536 1371.306
0.0640536 1374.3447
0.0648536 1378.9766
0.0653536 1381.9226
0.0658536 1384.8687
0.0663536 1387.7965
0.0668536 1390.7244
0.0673536 1393.6522
0.0678536 1396.5802
0.0683536 1399.5081
0.0690536 1403.6385
0.0695536 1406.3774
0.0703536 1410.4998
0.0708536 1413.2318
0.0713536 1415.7439
0.0718536 1418.2371
0.0725536 1421.546
0.0733536 1425.1757
0.0739536 1428.01
0.0744536 1430.209
0.0751536 1433.0448
0.0756536 1435.0995
0.0756536 1435.386
0.0756536 1380.7411
0.0758536 1384.3844
0.0760536 1388.3136
0.0763536 1390.5042
0.0769536 1394.1278
0.0774536 1396.2216
0.0779536 1398.3153
0.0784536 1400.4091
0.0786536 1401.2983
0.0786536 1268.5424
0.0788536 1265.3744
0.0793536 1256.1296
0.0798536 1245.5244
0.0805536 1231.6443
0.0815536 1210.6223
0.0820536 1199.8986
0.0825536 1189.0186
0.0830536 1178.1315
0.0832536 1171.9652