0 0
0.0005 6.255
0.001 12.5099
0.0014784 18.7649
0.00197836 25.0199
0.0024784 31.2748
0.0029784 37.5298
0.0035 43.7848
0.004 50.0397
0.0045 56.2947
0.005 62.5497
0.0055 68.8046
0.006 75.0596
0.0065 81.3146
0.007 87.5695
0.0075 93.8245
0.008 100.0795
0.0085 106.3344
0.009 112.5894
0.0095 118.8444
0.01 125.0993
0.0105 131.3543
0.011 137.6093
0.0115 143.8642
0.012 150.1192
0.0125 156.3742
0.013 162.6292
0.0135 168.8841
0.014 175.1391
0.0145 181.394
0.015 187.649
0.0155 193.904
0.016 200.159
0.0165 206.4139
0.017 212.6689
0.0175 218.9238
0.018 225.1788
0.0185 231.4338
0.019 237.6888
0.0195 243.9437
0.02 250.1987
0.0205 256.4536
0.021 262.7086
0.0212 265.8372
0.0217 271.8383
0.0223 278.0155
0.0228 283.7955
0.0235 291.8724
0.0242 298.799
0.0249 305.9529
0.0254 310.804
0.0259 315.6551
0.0264 320.5062
0.0269 325.3573
0.0274 330.2084
0.0279 335.0595
0.0284 339.9106
0.029 345.1122
0.0297 351.7797
0.0302 355.9504
0.0307 360.1211
0.0312 364.2918
0.0317 368.4626
0.0326 375.2575
0.0331 379.314
0.0336 383.3704
0.0341 387.4269
0.0346 391.4834
0.0351 395.5399
0.0357 400.4594
0.0362 404.3075
0.0367 408.1555
0.0372 412.0036
0.0377 415.8517
0.0382 419.6998
0.0387 423.5479
0.0392 427.396
0.0397 431.244
0.0402 435.0921
0.0407 438.9402
0.0412 442.7883
0.0421 449.7626
0.0426 453.4077
0.0431 457.0527
0.0436 460.6978
0.0441 464.3429
0.0446 467.988
0.0451 471.6331
0.0456 475.2781
0.0461 478.9232
0.0471 485.7368
0.0476 489.2839
0.0481 492.8311
0.0489 498.5829
0.0494 502.0256
0.0499 505.4684
0.0504 508.9111
0.0509 512.3538
0.0514 515.7965
0.0521 520.3203
0.0526 523.6408
0.0531 526.9614
0.0536 530.282
0.0541 533.6026
0.0546 536.9232
0.0551 540.3151
0.0559 545.5377
0.0564 548.6381
0.057 552.1258
0.0575 555.1373
0.058 558.1487
0.0585 561.1601
0.0592 565.1486
0.0597 568.1218
0.0602 571.095
0.0607 574.0682
0.0613 577.8419
0.0618 580.7203
0.0623 583.5988
0.0628 586.4772
0.0633 589.3557
0.0638 592.2341
0.0643 595.1125
0.065 598.8997
0.0655 601.6641
0.066 604.4284
0.0665 607.1928
0.067 609.9572
0.0675 612.7215
0.0683 616.8187
0.0688 619.5283
0.0693 622.238
0.0698 624.9478
0.0703 627.6575
0.0708 630.3671
0.0715 634.3493
0.072 636.9996
0.0725 639.6498
0.0733 643.6749
0.0741 647.4438
0.0746 649.8212
0.0751 652.1986
0.0756 654.576
0.0757 655.1004
0.0757 642.0883
0.0757 642.1986
0.0757 628.1039
0.0759 628.9998
0.0765 632.6664
0.0771 635.5918
0.0776 638.1161
0.0781 640.6403
0.0786 643.1646
0.0791 645.6888
0.0801 650.544
0.0808 653.7896
0.0816 657.0203
0.0822 659.3557
0.0827 661.2802
0.0836 664.4707
0.0841 666.2007
0.0846 667.9308
0.0852 669.6269
0.0857 671.0393
0.0862 672.4517
0.0867 673.8641
0.0872 675.2766
0.0877 676.689
0.0882 678.1014
0.0887 679.5139
0.0892 680.9263
0.0897 682.3387
0.0902 683.7511
0.091 686.1382
0.0915 687.4949
0.092 688.8516
0.0925 690.2084
0.0933 692.0968
0.0938 693.3094
0.0947 695.4597
0.0955 697.2886
0.0957 697.8138
0.0957 685.3912
0.0961 687.4858
0.0962 688.4729
0.0962 674.0175
0.0965 675.3378
0.097 677.824
0.0975 680.3101
0.098 682.9841
0.0989 685.9075
0.0994 687.3898
0.0999 688.872
0.1001 689.6449
0.1002 677.9075
0.1004 679.8156
0.1009 683.9015
0.1015 687.4769
0.1017 688.2707
0.102 689.0656
0.1026 690.4749
0.1028 690.8103
0.1028 677.6926
0.1033 681.3526
0.1038 684.7363
0.1044 687.9223
0.1047 688.9463
0.1048 689.0912
0.1053 690.0529
0.1058 690.9697
0.1068 692.6694
0.1073 693.4835
0.1078 694.2977
0.1086 695.4982
0.1091 696.2496
0.1096 697.0031
0.1101 697.7396
0.1106 698.4734
0.1111 699.1591
0.1116 699.8447
0.1121 700.5303
0.1128 701.4151
0.1133 702.0442
0.1138 702.6733
0.1143 703.3024
0.1148 703.9315
0.1153 704.5605
0.1158 705.1896
0.1163 705.8188
0.1168 706.4479
0.1173 707.077
0.1178 707.7061
0.1183 708.3351
0.1188 708.9642
0.1193 709.5933
0.1198 710.2224
0.1203 710.8515
0.1208 711.4806
0.1213 712.1097
0.1218 712.7388
0.1227 713.8731
0.1232 714.4315
0.1237 714.9899
0.1244 715.667
0.1249 716.1302
0.1254 716.5934
0.1259 717.0566
0.1264 717.5198
0.1269 717.9829
0.1279 718.8464
0.1284 719.3028
0.1289 719.7592
0.1294 720.2156
0.1299 720.6721
0.1308 721.518
0.1313 721.9686
0.1318 722.4191
0.1323 722.8698
0.1328 723.3203
0.1333 723.7709
0.1338 724.2215
0.1343 724.6721
0.1348 725.1227
0.1353 725.5733
0.1358 726.0239
0.1363 726.4744
0.1368 726.925
0.1373 727.3756
0.1378 727.8262
0.1383 728.2768
0.1388 728.7274
0.1394 729.2589
0.1399 729.698
0.1404 730.1371