0 0
0.0005 45.2943
0.001 90.5885
0.0014536 135.8828
0.0019536 181.1771
0.0024536 226.4714
0.0029536 271.7656
0.0034536 317.0599
0.0039536 362.3542
0.0044536 407.6484
0.0049536 452.9427
0.0054536 498.237
0.0059536 543.5313
0.0064536 588.8255
0.0069536 634.1198
0.0074536 673.3906
0.0079536 719.0707
0.0084536 758.1015
0.0090536 801.1192
0.0095536 837.6439
0.0100536 861.8956
0.0105536 875.9292
0.0110536 889.9628
0.0119536 913.2017
0.0125536 927.0107
0.0134536 946.4382
0.0140536 959.5502
0.0145536 969.5628
0.0154536 987.5604
0.0159536 997.2344
0.0164536 1006.9084
0.0169536 1016.5824
0.0174536 1026.2563
0.0179536 1035.9304
0.0184536 1045.6044
0.0189536 1055.2783
0.0194536 1064.9523
0.0199536 1074.6263
0.0204536 1084.3003
0.0209536 1093.9742
0.0214536 1103.6482
0.0223536 1119.0663
0.0228536 1128.4733
0.0233536 1137.8801
0.0238536 1147.2871
0.0243536 1156.694
0.0248536 1166.101
0.0254536 1178.208
0.0262536 1189.6113
0.0267536 1197.1372
0.0276536 1210.5468
0.0281536 1217.9163
0.0286536 1225.2858
0.0291536 1232.6552
0.0297536 1241.8804
0.0302536 1249.1078
0.0309536 1257.698
0.0314536 1264.1482
0.0319536 1270.5983
0.0324536 1277.0485
0.0333536 1289.1605
0.0338536 1295.5349
0.0345536 1304.2621
0.0350536 1309.8032
0.0355536 1315.3444
0.0360536 1320.8856
0.0365536 1326.4268
0.0370536 1331.9679
0.0375536 1337.509
0.0380536 1343.0502
0.0385536 1348.5913
0.0390536 1354.1324
0.0395536 1359.6736
0.0397536 1361.5142
0.0397536 1328.2762
0.0398536 1329.7268
0.0400536 1334.9747
0.0402536 1337.5259
0.0408536 1343.0985
0.0413536 1348.1084
0.0414536 1349.3895
0.0414536 1333.6205
0.0415536 1335.3082
0.0416536 1336.5983
0.0417536 1338.0405
0.0417536 1325.1227
0.0417536 1325.9688
0.0417536 1327.4854
0.0418536 1327.9951
0.0419536 1329.7053
0.0421536 1331.2084
0.0426536 1335.8455
0.0431536 1340.4824
0.0434536 1343.8558
0.0434536 1316.6969
0.0435536 1318.6282
0.0436536 1326.1779
0.0438536 1327.4254
0.0443536 1331.75
0.0448536 1336.0746
0.0454536 1341.2032
0.0454536 1329.0367
0.0454536 1329.6703
0.0454536 1330.9742
0.0454536 1331.2629
0.0455536 1332.178
0.0460536 1336.2986
0.0465536 1340.1704
0.0465536 1325.0399
0.0465536 1325.8478
0.0466536 1331.2129
0.0470536 1334.1843
0.0470536 1314.588
0.0471536 1316.7037
0.0472536 1324.1399
0.0473536 1324.9924
0.0473536 1325.3365
0.0478536 1329.1949
0.0484536 1333.691
0.0484536 1317.8354
0.0484536 1319.6938
0.0485536 1324.3116
0.0486536 1324.9158
0.0486536 1325.3999
0.0490536 1328.0488
0.0495536 1331.7386
0.0500536 1335.4285
0.0504536 1338.3896
0.0504536 1321.0896
0.0504536 1322.8328
0.0506536 1329.4189
0.0511536 1332.9366
0.0516536 1336.4545
0.0518536 1338.3149
0.0518536 1318.8445
0.0519536 1319.7491
0.0521536 1329.1771
0.0521536 1329.5806
0.0524536 1331.588
0.0529536 1334.9729
0.0534536 1338.3577
0.0539536 1341.7426
0.0544536 1345.1273
0.0553536 1351.1383
0.0558536 1354.4749
0.0563536 1357.8113
0.0570536 1362.1899
0.0575536 1365.2286
0.0580536 1368.2673
0.0585536 1371.306
0.0590536 1374.3447
0.0598536 1378.9766
0.0603536 1381.9226
0.0608536 1384.8687
0.0613536 1387.7965
0.0618536 1390.7244
0.0623536 1393.6522
0.0628536 1396.5802
0.0633536 1399.5081
0.0640536 1403.6385
0.0645536 1406.3774
0.0653536 1410.4998
0.0658536 1413.2318
0.0663536 1415.7439
0.0668536 1418.2371
0.0675536 1421.546
0.0683536 1425.1757
0.0689536 1428.01
0.0694536 1430.209
0.0701536 1433.0448
0.0706536 1435.0995
0.0706536 1435.386
0.0706536 1380.7411
0.0708536 1384.3844
0.0710536 1388.3136
0.0713536 1390.5042
0.0719536 1394.1278
0.0724536 1396.2216
0.0729536 1398.3153
0.0734536 1400.4091
0.0736536 1401.2983
0.0736536 1268.5424
0.0738536 1265.3744
0.0743536 1256.1296
0.0748536 1245.5244
0.0755536 1231.6443
0.0765536 1210.6223
0.0770536 1199.8986
0.0775536 1189.0186
0.0780536 1178.1315
0.0782536 1171.9652